6
2              0         0.187223  0.180603  0.178775  0.352629  0.345648  
6              0.187223  0         0.222866  0.20247   0.402455  0.38028   
7              0.180603  0.222866  0         0.217966  0.424709  0.38232   
8              0.178775  0.20247   0.217966  0         0.404914  0.377064  
9              0.352629  0.402455  0.424709  0.404914  0         0.377348  
10             0.345648  0.38028   0.38232   0.377064  0.377348  0         
